Descripción del experimento: Experimento tiempo en función de capacidad
Los parámetros utilizados en el experimento son:
parametro: clases=5000
parametro: n_elementos=1,5,10
parametro: tao=1
Los resultados obtenidos en el experimento son:
parametro: capacity_1=[10.0, 1334.3684210526317, 2658.7368421052633, 3983.105263157895, 5307.473684210527, 6631.842105263158, 7956.21052631579, 9280.578947368422, 10604.947368421053, 11929.315789473685, 13253.684210526317, 14578.052631578948, 15902.42105263158, 17226.789473684214, 18551.157894736843, 19875.526315789473, 21199.894736842107, 22524.26315789474, 23848.63157894737, 25173.0]
parametro: time_1=[0.46814942359924316, 0.48876941204071045, 0.5176073551177979, 0.5338121891021729, 0.5661160707473755, 0.5970332622528076, 0.6139619827270508, 0.6351460695266724, 0.6720942974090576, 0.715803861618042, 0.7473258972167969, 0.799284553527832, 0.8252117156982421, 0.8719563961029053, 0.9095572710037232, 0.9401517152786255, 0.9820514440536499, 1.0110320568084716, 1.049168634414673, 1.0636030673980712]
parametro: capacity2=[50.0, 1363.157894736842, 2676.315789473684, 3989.4736842105262, 5302.631578947368, 6615.78947368421, 7928.9473684210525, 9242.105263157895, 10555.263157894737, 11868.421052631578, 13181.57894736842, 14494.736842105263, 15807.894736842105, 17121.052631578947, 18434.21052631579, 19747.36842105263, 21060.526315789473, 22373.684210526317, 23686.842105263157, 25000.0]
parametro: time_2=[0.5143038511276246, 0.578684639930725, 0.6319705486297608, 0.6743449687957763, 0.701570725440979, 0.746484375, 0.7933378458023072, 0.84189875125885, 0.8593883275985718, 0.9393763542175293, 1.007346796989441, 1.0594757556915284, 1.0941604614257812, 1.1885633945465088, 1.2575979948043823, 1.3230300664901733, 1.3653551816940308, 1.499547791481018, 1.5733643531799317, 1.6846814632415772]
parametro: capacity_3=[50.0, 1363.157894736842, 2676.315789473684, 3989.4736842105262, 5302.631578947368, 6615.78947368421, 7928.9473684210525, 9242.105263157895, 10555.263157894737, 11868.421052631578, 13181.57894736842, 14494.736842105263, 15807.894736842105, 17121.052631578947, 18434.21052631579, 19747.36842105263, 21060.526315789473, 22373.684210526317, 23686.842105263157, 25000.0]
parametro: time_3=[0.5645182609558106, 0.6412108182907105, 0.7188776969909668, 0.7955156087875366, 0.8638360977172852, 0.9378691196441651, 0.9823111534118653, 1.0486139059066772, 1.1563719272613526, 1.2144809007644652, 1.299706506729126, 1.3866596698760987, 1.4799477338790894, 1.5318152189254761, 1.6242191791534424, 1.7138851165771485, 1.8303642988204956, 1.9225503206253052, 1.9912127256393433, 2.098922085762024]
parametro: capacity_1_optimizado=[10.0, 1334.3684210526317, 2658.7368421052633, 3983.105263157895, 5307.473684210527, 6631.842105263158, 7956.21052631579, 9280.578947368422, 10604.947368421053, 11929.315789473685, 13253.684210526317, 14578.052631578948, 15902.42105263158, 17226.789473684214, 18551.157894736843, 19875.526315789473, 21199.894736842107, 22524.26315789474, 23848.63157894737, 25173.0]
parametro: time_1_opt=[0.2684683561325073, 0.2923893928527832, 0.29125955104827883, 0.3052054882049561, 0.3119859218597412, 0.3167123317718506, 0.3250963449478149, 0.3277197122573853, 0.3395494222640991, 0.34012455940246583, 0.3507247447967529, 0.36028621196746824, 0.3662710428237915, 0.3740332365036011, 0.3802661418914795, 0.385133695602417, 0.38788595199584963, 0.39135160446166994, 0.39010465145111084, 0.39259700775146483]
========================================
