Descripción del experimento: Experimento tiempo en función de clase, losresultados de google y greedy son iguales
Los parámetros utilizados en el experimento son:
parametro: clases=1000
parametro: pesos=[6 9 6 1 1 2 8 7 3 5 6 3 5 3 5 8 8 2 8 1 7 8 7 2 1 2 9 9 4 9 8 4 7 6 2 4 5
 9 2 5 1 4 3 1 5 3 8 8 9 7 4 8 8 5 6 4 7 9 1 3 8 8 8 4 1 9 8 8 2 2 4 1 9 7
 5 6 7 3 6 8 9 5 5 8 8 5 1 3 1 8 2 8 9 5 1 2 9 3 4 2 3 8 3 7 1 3 7 7 3 8 8
 1 7 6 2 5 7 1 7 6 2 3 2 6 5 1 8 9 6 8 1 4 2 5 5 7 9 9 3 8 6 6 5 6 9 6 9 2
 2 9 8 1 4 5 3 1 4 6 2 3 5 4 1 7 1 8 3 9 4 1 9 5 3 1 4 9 2 5 4 4 7 8 4 6 4
 3 5 5 1 4 4 9 4 6 7 8 6 2 8 1 3 9 3 2 5 1 5 2 8 4 2 7 7 7 7 1 1 3 7 1 7 8
 1 4 1 4 5 8 6 4 9 9 1 7 8 6 5 6 3 6 7 7 9 8 8 8 3 7 1 6 3 2 9 6 5 2 3 1 5
 8 1 7 3 5 4 7 8 7 4 1 7 5 8 7 3 6 9 7 5 3 5 1 1 4 5 4 2 3 6 5 1 9 3 4 5 5
 9 3 2 7 4 9 8 1 6 3 3 9 6 1 6 9 7 7 1 5 8 4 1 2 7 1 7 2 7 5 3 6 5 7 3 3 8
 6 1 8 9 9 9 1 8 3 1 8 2 2 6 2 6 7 5 9 8 6 2 9 1 6 4 1 5 9 7 3 5 4 3 1 1 5
 3 6 1 1 4 9 6 4 2 5 8 4 3 3 3 7 7 1 2 6 7 6 9 9 6 6 8 6 2 4 4 4 4 7 2 4 1
 6 1 6 3 8 7 5 1 3 5 9 8 7 8 8 2 8 8 4 9 4 1 7 4 1 7 6 7 5 7 7 3 3 5 2 3 4
 4 7 8 1 4 4 7 9 7 6 2 4 3 7 4 7 8 3 9 1 2 9 7 1 1 2 3 8 8 5 5 1 2 1 9 6 7
 3 6 5 4 1 7 3 2 5 5 1 9 8 8 7 2 8 3 5 6 7 8 3 1 6 3 8 8 2 2 5 7 6 7 5 2 2
 6 2 3 7 3 4 4 3 4 1 1 2 6 1 6 9 9 1 1 1 9 6 4 5 1 9 7 4 1 9 2 7 7 2 4 8 4
 3 4 1 3 9 3 1 2 4 5 9 9 9 3 9 7 5 1 6 6 7 2 8 7 6 8 2 8 6 7 8 7 8 6 7 9 8
 5 3 5 1 1 4 6 1 4 7 6 2 2 9 5 8 1 2 8 2 6 5 6 7 3 6 4 4 6 2 8 8 1 9 7 2 3
 1 5 5 7 2 1 5 4 1 6 2 2 7 1 3 9 4 8 3 6 7 1 5 3 4 2 1 6 8 1 3 3 1 6 2 2 7
 4 3 2 2 3 8 6 3 5 8 4 6 1 3 2 5 5 7 4 9 9 8 2 9 8 9 3 3 6 6 4 6 3 8 5 2 7
 9 2 9 2 7 3 7 2 9 4 8 1 8 1 1 8 4 6 3 6 2 3 6 4 4 7 2 9 2 9 7 5 7 6 5 8 3
 1 3 1 6 5 2 5 6 3 4 2 6 2 2 8 2 3 7 1 8 8 5 4 3 8 9 6 3 5 3 3 4 6 7 5 1 3
 9 4 8 4 3 4 9 9 1 3 7 9 4 7 5 8 7 4 3 2 6 6 7 5 7 8 9 6 8 3 6 4 5 6 3 5 1
 4 6 3 7 3 9 1 3 7 5 9 5 4 5 9 4 6 3 1 8 9 2 5 7 2 7 4 5 4 8 4 9 4 5 5 5 7
 4 1 5 7 5 4 1 7 3 3 1 2 3 5 7 1 7 1 1 3 7 5 2 6 9 3 3 7 6 2 3 8 7 8 5 6 8
 3 4 8 5 2 6 9 4 2 1 9 9 5 5 3 7 9 6 8 8 8 9 9 5 7 3 4 5 4 6 3 7 7 1 5 8 4
 8 7 6 1 3 4 3 6 2 8 9 8 4 2 8 4 8 4 9 8 5 9 6 7 1 4 4 6 2 9 6 3 4 4 8 7 9
 8 9 3 8 8 9 8 3 4 8 1 5 1 9 5 3 8 9 4 5 1 8 8 9 8 2 5 9 4 5 3 1 2 3 9 4 7
 8]
parametro: valores=[ 9  7 10 10 10  9  3  2  7  5 10  4  2  4  7  6  5 10  7  9  5  1  4 10
  4  9  3  9  8  5  7  5  8  6  6  5  8  8  3  9  2  8  2  6  2  9  2  3
  3  1  4  4  5  8  8  4  8  7  6  8  3  8  6  6  9  8  2  5  3  2  5  8
  7  5  2  4  1  2  5  1  1  3  5  9  8  4  2  1  6  8  2  5  9  5  3  2
  4  2  8  8  1  8  3  4  5  1  5  5  5  5  3  3  5  4  1  3  4  6  2  1
 10  4  9  7  8  1  9  1  5  9  9  4  2  3  8  7  8  4  1  4  4  4  2  3
  1  4  8  6  9  1  5  2  5  7  9  9  1  1  7  7  9 10  4 10  8  2  1  4
  2 10  4 10  4  3  7  2  8  4  8  1  4  4  9 10  1 10  6  4  5  5  1  9
  9  8  9  4  3  4  2 10 10  5  6 10  5  9  7  6  1  9  7  7  9  7  5  1
  5  6  5 10  3  1  3  4  7  9  8  3  2  4  2  3  3  4 10  3  7  3 10  2
  2  6  5  9  5  8  3  4  1  6  9  3 10  5  1  1  4  5 10  7  8  7  9  1
  9  1  6  3  1  9  7  2 10  6  1  1  9  2  4  8  6  2  3  7  4  3  2  9
  7  6 10  2  6  2  7  4  1  6  8  4  3 10  5  5  5 10 10 10  5  9  2  7
  7  8  3  5  6  8  4  8  2  7  8 10  5  9  8  1  5  2 10  8  9  7 10  2
  9  4  5  8  3  3  7  2  3  3  2  6  6  3  4  4  4  1  6  4  2  1  7  5
  4  2  6  6 10  1  7  8  9  3  9  6  1  9  3  9 10  5  2  3  2  7  6  1
  7  2  1  2  4  6  5  8  7  5  3 10  4  3  9  5  3  6  2  3  6  4  4  4
  3  9  2 10  7  5  4  5  9  4  9  8  2  4  5  1  3  4  5  3  1  6  9  8
  9  9  5  7  4  5  6  2  5  6  3  5  1  9  4  8  1  4  6  6  9  3  2 10
  4  2  3  9 10 10 10  1  2  1  4  2  1  7  4  6  6  2  5 10  5  1  8  8
  6  5  4  8  6  1 10  8  1  9  8  8  5  2  6  1  3  4  8  8  8  1  3  6
  7  3  4  9  6  2  3  7  6  6  7  9  3  8  3 10  7  5  2  8  9 10  8 10
  5  8  8  6  7  7  2  4  1  8  9  3  1  4  5  8  7  2  9  9 10  1  7  1
  8  5  7  2  3  7  4  3  1  6  2 10  7  9 10  3  7 10  7  2  1  7  6  5
  6  9  5  7  1  6  7  8  6 10  1  5  1  7 10  5  5  1  6  6  2  1  6  6
  6  1  7  1  2  4  8  7  1  7 10  6  2  8  5  8  7  3  1  6  5  9  3  7
  9  2  9  4 10  8  7  6  7 10  1  3  2  7  5  7  4  7  1  3 10  3  8  5
  2  3  7  3 10  1  8  6  9  5 10  2  3  9  8  9  3  7  3 10  3  3  1  8
  2  2  2  5  2  1  6  1  5  2 10  6  4  1  8  1  9  1  6  1  5  5  7  8
 10  3  3  5 10  3  4  1  3  7  1  6  2  7  3  6  1 10  2  2  4 10 10  6
 10  7  8  7  8  7  8  8  3 10 10  1  5  5 10 10  5  2  6 10 10  7  3  1
  3  4 10  9  9  5  9  3  7  5  7  5  6  8  1  6  6  4  9  3  1  6  4  9
  9  6  9  8  5 10  6  6  1  8  2  5  5  9  3  3  7  8  2  6  4  9  5  1
  5  1  6 10  8 10  6 10  6 10  8  3  5  3 10  5  1  6  4 10  8  5  7  1
  1  5  2  4  5  2  7  4  3  5  3  7  8  2  1  1  9  6  3 10  8  6  6  8
  3  1  9  4  3  8  9  4  6  1  7  1  9  2 10  7  4  5  9  8  6 10  6  3
  1  7  1  7  5  6 10  6  3  1  7 10  3  1  3 10  1  8 10  6  5  3 10 10
  4  8  5  4  5  5 10  8  5  6 10 10  8  4  1  3  2  5  5  4 10  4  6  7
  9 10  3  9  4  4  3  7 10  9  8  7  7  6  8  5  3  5  5 10  2  2  9 10
  7  4  6  1  5  8 10  5  6  3  2 10  9  6  1  3 10  5  1 10  4  5  1  3
  5  2  7  1  9  8  1  2  4  8  2 10  4  2  2  7  8  9  2  2  9  3  1  3
  3  9  7  8  2  9 10  3  3  4  6  3  3  4  9  8]
parametro: n_elementos=1
Los resultados obtenidos en el experimento son:
parametro: tao=[0.001, 0.04179591836734694, 0.08259183673469388, 0.12338775510204081, 0.16418367346938775, 0.2049795918367347, 0.24577551020408162, 0.2865714285714286, 0.3273673469387755, 0.3681632653061224, 0.4089591836734694, 0.4497551020408163, 0.49055102040816323, 0.5313469387755102, 0.5721428571428572, 0.612938775510204, 0.653734693877551, 0.694530612244898, 0.7353265306122448, 0.7761224489795918, 0.8169183673469388, 0.8577142857142857, 0.8985102040816326, 0.9393061224489796, 0.9801020408163265, 1.0208979591836733, 1.0616938775510203, 1.1024897959183673, 1.1432857142857142, 1.184081632653061, 1.224877551020408, 1.265673469387755, 1.306469387755102, 1.3472653061224489, 1.3880612244897959, 1.4288571428571428, 1.4696530612244896, 1.5104489795918365, 1.5512448979591835, 1.5920408163265305, 1.6328367346938775, 1.6736326530612244, 1.7144285714285712, 1.7552244897959182, 1.7960204081632651, 1.836816326530612, 1.877612244897959, 1.918408163265306, 1.9592040816326528, 2.0]
parametro: relative_error=[]
========================================
